48.14
86.32
84.84
16.24
70.85
19.02
63.40
59.08
40.34
93.44
87.22
68.67
5.74
90.31
16.22
51.50
87.51
34.00
61.36
11.01
77.30
10.83
85.75
79.71
43.05
23.29
8.21
66.74
20.07
89.58
39.24
76.48
57.11
89.49
20.45
50.84
30.00
73.57
93.74
45.12
17.35
72.55
65.15
63.67
57.87
50.37
6.73
100.82
63.85
6.21
91.54
30.31
11.71
46.20
7.95
88.94
52.71
68.39
83.04
84.45
71.70
99.07
82.02
93.79
2.85
76.04
76.62
1.10
31.06
86.03
10.15
20.18
36.01
100.85
80.41
48.10
73.66
23.19
24.49
65.88
15.70
53.49
85.89
71.47
48.24
24.81
34.56
28.49
18.09
25.45
95.41
30.39
50.83
53.12
20.79
8.75
82.16
42.87
2.81
71.59
